Input Sample	Neurons_pos	Neurons_neg	P-value	Pearson Correlation	RMSE
R15174_HFF2HBBXX	0.10872557538830788	0.8912744246116922	0.08888888888888889	0.2502930262319929	0.9969231140826249
R15175_HJV3YBBXX	0.29066681597351046	0.7093331840264896	0.044444444444444446	0.3521470336690418	0.9393147508946319
R15176_HCJ72BBXX	0.35335709694093037	0.6466429030590697	0.044444444444444446	0.39166973853525844	0.9198440119605642
R15178_HCJGJBBXX	0.09345561879418361	0.9065443812058164	0.08888888888888889	0.2535362006846501	0.9986549490758564
R15179_HJV3YBBXX	0.20786197704529782	0.7921380229547021	0.08888888888888889	0.23565436130875086	0.9892759517500227
R15181_HJV3YBBXX	0.17919627259457271	0.8208037274054273	0.17777777777777778	0.11601159057118944	1.032031054918243
R15182_HCJGJBBXX	0.3171408876828623	0.6828591123171377	0.05555555555555555	0.3256725252630027	0.950583398873316
R15184_HCJ72BBXX	0.33457506012723	0.6654249398727701	0.011111111111111112	0.47323993621663474	0.8797732427152779
R15185_HCJ72BBXX	0.4040533070468713	0.5959466929531286	0.011111111111111112	0.5562195124431575	0.8264372113964462
R15186_HCJGJBBXX	0.2627851143829789	0.7372148856170211	0.08888888888888889	0.24165882130136312	0.985116815684047
R15188_HCJ72BBXX	0.18777293692246252	0.8122270630775374	0.45555555555555555	0.025283237871860192	1.0613117676433435
R15189_HFF2HBBXX	0.2816509207656453	0.7183490792343548	0.07777777777777778	0.2689199084520239	0.9743676778894262
R15190_HFF2HBBXX	0.11777246324419806	0.8822275367558019	0.044444444444444446	0.35024622819028567	0.9614971720623585
R15192_HJV23BBXX	0.046772854031691576	0.9532271459683083	0.011111111111111112	0.44168889125141386	0.9414774589946054
R15193_HJV23BBXX	0.25086315752347343	0.7491368424765266	0.1111111111111111	0.2090236181493532	0.9975680636417544
R15194_HCJ72BBXX	0.24333979438985476	0.7566602056101451	0.044444444444444446	0.37570360706731953	0.9335215609035918
R15195_HFF2HBBXX	0.30093608083714973	0.6990639191628503	0.18888888888888888	0.11057078663241025	1.0398169617064705
R15197_HCJ72BBXX	0.34712576798974604	0.652874232010254	0.011111111111111112	0.5279984739177707	0.8497762677930217
R15198_HCJ72BBXX	0.37028726389418987	0.6297127361058101	0.011111111111111112	0.48205629110835874	0.8721843204085956
R15199_HFF2HBBXX	0.27887465492932	0.7211253450706799	0.03333333333333333	0.42396454042579684	0.9092063263565751
R15200_HCJ72BBXX	0.36648227627257624	0.6335177237274238	0.08888888888888889	0.25237985386730394	0.9892031179713203
R15202_HFF2HBBXX	0.18088596464121906	0.8191140353587809	0.23333333333333334	0.0912841886522265	1.0400627543302359
R15203_HJV3YBBXX	0	1.0	0.044444444444444446	0.36605797930643835	0.9789651983882098
R15204_HFF2HBBXX	0.31323596414100147	0.6867640358589986	0.044444444444444446	0.3648011060887214	0.932924661730544
R15206_HJV23BBXX	0.42199648698905173	0.5780035130109483	0.044444444444444446	0.3824554956684121	0.9301916184405932
R15207_HFF2HBBXX	0.3329430808156711	0.6670569191843289	0.044444444444444446	0.39816980429852655	0.9168144388823375
R15208_HJV3YBBXX	0.29015542491677654	0.7098445750832234	0.08888888888888889	0.23432105553549115	0.9887682965054383
R15209_HJV3YBBXX	0.3674329785458064	0.6325670214541935	0.044444444444444446	0.41839658582384726	0.9063068234041398
R15210_HJV23BBXX	0.16962004454047905	0.8303799554595209	0.24444444444444444	0.07979528007366682	1.04448950021282
R15211_HFF2HBBXX	0.20097065488793137	0.7990293451120687	0.05555555555555555	0.3172182351112599	0.9606413521270388
R15212_HFF2HBBXX	0.23655389937396568	0.7634461006260344	0.044444444444444446	0.3401385966414983	0.9481999083863102
R15213_HFF2HBBXX	0.15670918287160593	0.843290817128394	0.1111111111111111	0.21454078113151642	1.0014963476382952
R15214_HCJ72BBXX	0.23082428463417365	0.7691757153658263	0.044444444444444446	0.39868842629445567	0.9260797340798348
R15216_HCJGJBBXX	0.19291851988649236	0.8070814801135077	0.08888888888888889	0.2535179316642001	0.984218183662422
R15217_HJV23BBXX	0.31744539931355936	0.6825546006864407	0.05555555555555555	0.2991919515462143	0.9624186764782461
R15218_HFF2HBBXX	0.19668980234559305	0.8033101976544068	0.05555555555555555	0.32050830455216905	0.9599654887689242
R15219_HFF2HBBXX	0.11914579837176276	0.8808542016282372	0.24444444444444444	0.07979031810710653	1.0503738445026272
R15220_HJV3YBBXX	0.25874385199352745	0.7412561480064725	0.1	0.22184927576831517	0.9927540558040586
R15221_HJV3YBBXX	0.31570699419580583	0.6842930058041943	0.05555555555555555	0.30238659261565215	0.9609336642261687
R15223_HFF2HBBXX	0.16978128996820982	0.8302187100317902	0.05555555555555555	0.33684765184442794	0.9577935029496141
R15224_HJV23BBXX	0.18354377397663618	0.8164562260233638	0.23333333333333334	0.09283803810391476	1.0394189924281552
R15227_HCJ72BBXX	0.3622547745716074	0.6377452254283926	0.03333333333333333	0.4267422624746243	0.9019599110031896
R15228_HCJGJBBXX	0.23228897965639175	0.7677110203436083	0.08888888888888889	0.2341092739738479	0.988516724394604
R15229_HFF2HBBXX	0.34605595305754483	0.6539440469424553	0.08888888888888889	0.24495528455079585	0.9894876973711099
R15230_HJV3YBBXX	0.10827518127378355	0.8917248187262165	0.08888888888888889	0.25842263117622777	0.9942921899418464
R15231_HJV3YBBXX	0.10171877782137553	0.8982812221786245	0.12222222222222222	0.1838931507243113	1.0200796278763105
R15232_HJV23BBXX	0.18252729301443568	0.8174727069855643	0.18888888888888888	0.11170511105587644	1.0332528231681577
R15233_HCJGJBBXX	0.15715615369183258	0.8428438463081674	0.07777777777777778	0.2666921169581019	0.9838571204521391
R15234_HFF2HBBXX	0.2620380966487347	0.7379619033512653	0.044444444444444446	0.39531190053192744	0.9233835725625679
R15237_HCJGJBBXX	0.252243002539284	0.747756997460716	0.044444444444444446	0.36092686794779355	0.9384623451783012
R15238_HJV3YBBXX	0.29903272992951446	0.7009672700704855	0.011111111111111112	0.451678659621143	0.8942881057153322
R15239_HCJ72BBXX	0.16340974836087702	0.836590251639123	0.08888888888888889	0.23996439433443642	0.9921179522852043
R15240_HCJGJBBXX	0.2244040785235929	0.7755959214764071	0.1	0.2192403226835124	0.9942494785548868
R15241_HCJ72BBXX	0.14752989658338778	0.8524701034166122	0.18888888888888888	0.10564105716412439	1.0382280022010575
R15242_HJV23BBXX	0.24968069308843996	0.75031930691156	0.011111111111111112	0.44196355971742335	0.9057625463922033
R15243_HJV23BBXX	0.2653267882328477	0.7346732117671523	0.011111111111111112	0.43888427249638373	0.9046194794789673
R15244_HJV3YBBXX	0.25063222446756045	0.7493677755324395	0.17777777777777778	0.1274971813826959	1.0278093347461563
R15245_HCJGJBBXX	0.28506770274769605	0.714932297252304	0.1111111111111111	0.20180670230449527	1.0016128271467697
R15246_HJV3YBBXX	0.22216860642746042	0.7778313935725396	0.044444444444444446	0.3706501915174188	0.9381276273129755
R15247_HJV3YBBXX	0.07847433722049797	0.921525662779502	0.23333333333333334	0.08623699859837396	1.0564349193710991
R15250_HFF2HBBXX	0.18861758898817022	0.8113824110118297	0.17777777777777778	0.1287265597189277	1.0272644148866041
R15252_HJV23BBXX	0.2866645328005691	0.713335467199431	0.044444444444444446	0.38622624099937286	0.9248213829487086
R15253_HCJGJBBXX	0.34421864771010713	0.6557813522898929	0.1111111111111111	0.19054819300593281	1.0137717282470609
R15254_HFF2HBBXX	0.2649387741681907	0.7350612258318093	0.044444444444444446	0.37681636064956603	0.9307446468318151
R15255_HJV23BBXX	0.4339430273223227	0.5660569726776772	0.08888888888888889	0.23354286290461468	1.0153301035261695
R15256_HCJGJBBXX	0.38802637790743794	0.611973622092562	0.05555555555555555	0.3080152577809252	0.9652230796526375
R15257_HCJGJBBXX	0.30049936809672073	0.6995006319032793	0.044444444444444446	0.3574786154981514	0.9365897485744582
R15260_HCJGJBBXX	0.20779370265395802	0.792206297346042	0.24444444444444444	0.08446857124828791	1.0416236609653893
R15261_HCJ72BBXX	0.17007644175519873	0.8299235582448012	0.18888888888888888	0.10778312431957841	1.035369411091088
R15263_HFF2HBBXX	0.2331304862867376	0.7668695137132624	0.08888888888888889	0.2556661496054874	0.9804973310529567
R15264_HFF2HBBXX	0.20634294696447644	0.7936570530355236	0.07777777777777778	0.2694531001467619	0.9773234954791884
R15267_HCJ72BBXX	0.09133330179309933	0.9086666982069007	0.23333333333333334	0.08602518711846807	1.0536251900781908
R15268_HFF2HBBXX	0.3438858315111182	0.6561141684888819	0.08888888888888889	0.24287595748451007	0.9901351669000382
R15269_HFF2HBBXX	0.2091178460245186	0.7908821539754815	0.05555555555555555	0.3181496203404261	0.9593681081480454
R15270_HJV23BBXX	0.08213515028714774	0.9178648497128522	0.044444444444444446	0.4220931405486549	0.9425535235630046
R15271_HJV23BBXX	0.20469380954376856	0.7953061904562314	0.05555555555555555	0.2935425115774306	0.9688038019962044
R15272_HJV23BBXX	0.15280289872134062	0.8471971012786593	0.28888888888888886	0.05930292029131676	1.0524492394048057
R15273_HCJGJBBXX	0.39618361962345566	0.6038163803765444	0.044444444444444446	0.38384782161843234	0.9262417434015118
R15274_HJV23BBXX	0.2926954430065221	0.7073045569934779	0.044444444444444446	0.3457866589728311	0.9419744357931635
R15275_HCJ72BBXX	0.13169405209055823	0.8683059479094417	0.23333333333333334	0.09076070615014269	1.0449994354590948
R15276_HCJ72BBXX	0.13914157324436477	0.8608584267556352	0.07777777777777778	0.26459575191625145	0.9871551529200254
R15279_HCJ72BBXX	0.341731127367671	0.6582688726323291	0.05555555555555555	0.30772956057575923	0.9599472464492474
R15280_HCJGJBBXX	0.1707295109207874	0.8292704890792126	0.12222222222222222	0.17285573631994394	1.013861579655875
R15281_HCJ72BBXX	0.08503965890486474	0.9149603410951352	0.044444444444444446	0.35239192546634235	0.9665639190962694
R15282_HJV23BBXX	0.2947003850058583	0.7052996149941417	0.044444444444444446	0.35826313673723625	0.9364820973339024
R15283_HCJGJBBXX	0.15940884018745194	0.8405911598125481	0.5777777777777777	0.003582733449730074	1.0694564572154008
R15284_HJV3YBBXX	0	1.0	0.28888888888888886	0.056305658163882	1.090607175281576
R15285_HJV23BBXX	0.2904118535830647	0.7095881464169354	0.044444444444444446	0.35230298846056934	0.9392591344911904
R15286_HCJGJBBXX	0.4144606292182296	0.5855393707817703	0.044444444444444446	0.39449205746920607	0.9223261533246754
R15287_HCJ72BBXX	0.44668516312682255	0.5533148368731775	0.044444444444444446	0.40013287202707865	0.9238525992933522
R15288_HCJ72BBXX	0.3497991883386864	0.6502008116613136	0.011111111111111112	0.4375715584854327	0.8967146148147196
R15289_HCJ72BBXX	0.214785686602235	0.785214313397765	0.06666666666666667	0.2754548850866447	0.9744290458879765
R15290_HJV3YBBXX	0.29308300848541285	0.7069169915145871	0.044444444444444446	0.38575664040540786	0.9245381505179391
R15291_HCJ72BBXX	0.27569413797630293	0.7243058620236971	0.08888888888888889	0.25174381531192336	0.9812399915470248
R15292_HFF2HBBXX	0.20750945736022666	0.7924905426397734	0.011111111111111112	0.5552701090039467	0.868371173029875
R15293_HCJ72BBXX	0.37350412475654854	0.6264958752434514	0.08888888888888889	0.2575408819196948	0.987951764134091
R15294_HJV23BBXX	0.2965672052657675	0.7034327947342326	0.1111111111111111	0.2132127819839051	0.9978346150180979
R15295_HFF2HBBXX	0.03215600961947223	0.9678439903805278	0.011111111111111112	0.5001381247340088	0.9217478420865075
R15298_HJV3YBBXX	0.3034267663180815	0.6965732336819185	0.011111111111111112	0.4580784119136711	0.8907623431097136
R15300_HJV3YBBXX	0.07436216169321176	0.9256378383067883	0.011111111111111112	0.5139703893364976	0.9103726982487781
R15301_HCJ72BBXX	0.1522008682461262	0.8477991317538738	0.8222222222222222	-0.0492	1.0863742008850583
R15305_HJV3YBBXX	0.2906445902351874	0.7093554097648126	0.044444444444444446	0.3865338402648997	0.9243768454358671
R15306_HCJ72BBXX	0.23665463903702755	0.7633453609629725	0.08888888888888889	0.2531490402735077	0.9812744048479284
R15307_HFF2HBBXX	0.30174849051715336	0.6982515094828466	0.05555555555555555	0.3006987240974019	0.9613104995213516
R15308_HJV23BBXX	0.18085279633843043	0.8191472036615696	0.044444444444444446	0.34630798710243704	0.9528190717569589
R15309_HJV3YBBXX	0.29276572329147066	0.7072342767085293	0.011111111111111112	0.4539239297055127	0.8940856517263083
R15310_HJV23BBXX	0.17556305735871514	0.8244369426412848	0.011111111111111112	0.4633734897197721	0.910994424065909
R15312_HJV3YBBXX	0.251106773453883	0.748893226546117	0.044444444444444446	0.36435330992852105	0.9372009605458212
R15313_HJV23BBXX	0.02599648798271167	0.9740035120172883	0.011111111111111112	0.5090505535891767	0.9191791869682868
R15314_HFF2HBBXX	0.27293487812097195	0.727065121879028	0.17777777777777778	0.1181117302951317	1.0331126951385805
R15315_HFF2HBBXX	0.13631911314435669	0.8636808868556435	0.14444444444444443	0.1538542424069891	1.0241219947685358
R15317_HJV3YBBXX	0.18702109370813838	0.8129789062918615	0.05555555555555555	0.293686049535034	0.9707132256493396
R15319_HJV3YBBXX	0.16240515787828044	0.8375948421217195	0.044444444444444446	0.3563314411923788	0.9520467266375857
R15320_HCJGJBBXX	0.23022682115172996	0.76977317884827	0.011111111111111112	0.4592145036925728	0.9021197934544969
R15321_HCJ72BBXX	0.2940527540583972	0.7059472459416027	0.08888888888888889	0.22549364336368957	0.992612157988207
R15322_HJV3YBBXX	0.110337804241085	0.889662195758915	0.044444444444444446	0.33785335370280434	0.9670450110851652
R15323_HCJ72BBXX	0.12752243874631888	0.8724775612536811	0.28888888888888886	0.05803565590919786	1.0559241463165696
R15324_HFF2HBBXX	0.20774091478498732	0.7922590852150126	0.044444444444444446	0.4147338050334775	0.9234588193402746
R15325_HCJ72BBXX	0.1215710405356517	0.8784289594643483	0.044444444444444446	0.3662462281548251	0.9553137569195502
R15326_HCJ72BBXX	0.08573490239821935	0.9142650976017807	0.3888888888888889	0.03277380255927602	1.0716413394600945
R15327_HCJGJBBXX	0.17669714911327428	0.8233028508867257	0.1111111111111111	0.2106671803716735	1.000570273438714
R15328_HJV23BBXX	0.18486874284486013	0.8151312571551399	0.08888888888888889	0.22416108919804675	0.9951753368742249
R15330_HCJGJBBXX	0.2822563876625675	0.7177436123374324	0.08888888888888889	0.2309558748414845	0.9897694869160204
R15331_HJV23BBXX	0.25049553572683125	0.7495044642731687	0.08888888888888889	0.2250105259612542	0.9915287564469946
R15332_HCJ72BBXX	0.33925379958259083	0.6607462004174092	0.011111111111111112	0.5101218635795137	0.8603435250855145
R15333_HCJGJBBXX	0.1587462866180419	0.8412537133819582	0.1	0.21999514505972867	0.9994194912312939
R15334_HFF2HBBXX	0.17329437302069345	0.8267056269793066	0.17777777777777778	0.1208960545852749	1.0308331725603372
R15335_HJV23BBXX	0.3897177094602025	0.6102822905397974	0.05555555555555555	0.29755658202214136	0.9708631047655062
R15336_HCJGJBBXX	0.11852973949459315	0.8814702605054069	0.28888888888888886	0.05806908775425578	1.0573052407542065
R15337_HCJGJBBXX	0.23110749087481383	0.7688925091251861	0.011111111111111112	0.446426299949375	0.9070980112627293
R15338_HFF2HBBXX	0.2692154420774263	0.7307845579225737	0.011111111111111112	0.46921703293527545	0.8909188505458244
R15339_HFF2HBBXX	0.2759602812214131	0.724039718778587	0.011111111111111112	0.447178698466375	0.8994700496367276
R15340_HCJGJBBXX	0.15741741920751257	0.8425825807924875	0.12222222222222222	0.17481507264956983	1.014601139396024
R15341_HCJ72BBXX	0.25459604972623695	0.745403950273763	0.011111111111111112	0.45851426617850577	0.8980263719212764
R15342_HJV3YBBXX	0.27776841724528367	0.7222315827547163	0.011111111111111112	0.447293491152423	0.8991564915212824
R15343_HCJGJBBXX	0.32251308712312243	0.6774869128768776	0.011111111111111112	0.43827215055634505	0.898106289111659
R15344_HCJ72BBXX	0.2578394474218709	0.7421605525781291	0.011111111111111112	0.4375485784075157	0.906314028987019
R15346_HJV3YBBXX	0.017610396854390205	0.9823896031456097	0.011111111111111112	0.5214091489344949	0.9154830511071148
R15347_HFF2HBBXX	0.2683736950624855	0.7316263049375146	0.044444444444444446	0.40940998102632165	0.9167283857771931
R15348_HJV3YBBXX	0.3853643780637889	0.6146356219362111	0.011111111111111112	0.48438918120265745	0.87015747317667
R15349_HCJGJBBXX	0.24368007558566643	0.7563199244143336	0.1111111111111111	0.19622444512466258	1.0023156693919912
R15350_HJV23BBXX	0.31492583641716204	0.685074163582838	0.044444444444444446	0.3685888512181386	0.9311574899779407
R15351_HJV23BBXX	0.3957292223395373	0.6042707776604628	0.011111111111111112	0.46695588478957273	0.8798982405829339
R15352_HFF2HBBXX	0.3833673961556629	0.6166326038443372	0.05555555555555555	0.3219415463607779	0.9573936092654889
R15353_HCJ72BBXX	0.3514482738660632	0.6485517261339369	0.044444444444444446	0.3998330593188425	0.9157447642427188
R15355_HCJ72BBXX	0.35933280667135364	0.6406671933286463	0.011111111111111112	0.4395517305722344	0.8953515609085865
R15356_HFF2HBBXX	0.2858680300503102	0.7141319699496899	0.05555555555555555	0.32597737060622334	0.9506522294770375
R15357_HJV3YBBXX	0.0003	0.9997200324078921	0.011111111111111112	0.4499363285035393	0.9464195447321201
R15358_HJV3YBBXX	0.3275652163128094	0.6724347836871906	0.044444444444444446	0.3565552987373377	0.9365760320708169
R15359_HJV3YBBXX	0.3330941393127865	0.6669058606872135	0.011111111111111112	0.4930182042153337	0.8699527962714297
R15361_HJV3YBBXX	0.2958748093217253	0.7041251906782747	0.011111111111111112	0.5002177263232416	0.8722209605374488
R15363_HCJ72BBXX	0.3494381952630299	0.6505618047369701	0.044444444444444446	0.41498895066924435	0.9081576914960253
R15365_HCJ72BBXX	0.3238662872983544	0.6761337127016456	0.16666666666666666	0.14587424719268594	1.029371368743643
R15366_HJV23BBXX	0.36942777563043644	0.6305722243695635	0.05555555555555555	0.3335768952519986	0.9498468475201798
R15367_HCJ72BBXX	0.42031861125499653	0.5796813887450035	0.022222222222222223	0.4331025132542466	0.9006582487606583
R15369_HJV23BBXX	0.2692197325363907	0.7307802674636094	0.011111111111111112	0.47079380464087206	0.8902302782443794
R15370_HCJGJBBXX	0.30195354918710743	0.6980464508128925	0.044444444444444446	0.3767309872828622	0.9279877010110877
R15372_HJV3YBBXX	0.04456369186628393	0.955436308133716	0.03333333333333333	0.4245335527518429	0.948185414683328
R15373_HCJ72BBXX	0.32108516577091445	0.6789148342290855	0.1111111111111111	0.209292938410385	1.0019834857223848
R15374_HJV23BBXX	0.3603734076341317	0.6396265923658683	0.044444444444444446	0.40749860986622594	0.911896499134327
R15375_HCJGJBBXX	0.27159955750416875	0.7284004424958312	0.05555555555555555	0.32532107184824494	0.9514807706708941
R15377_HJV23BBXX	0.2714465734020436	0.7285534265979564	0.011111111111111112	0.4965003217741411	0.8785039587438785
R15378_HJV3YBBXX	0.02825180840876596	0.971748191591234	0.011111111111111112	0.5107458218310954	0.9182034130946541
R15379_HJV3YBBXX	0.2776905212933862	0.7223094787066138	0.044444444444444446	0.3638452491673294	0.9350869858697445
R15380_HFF2HBBXX	0.26081349700551265	0.7391865029944874	0.044444444444444446	0.3593008560420031	0.9383226630440242
R15381_HCJGJBBXX	0.19076209916742437	0.8092379008325756	0.011111111111111112	0.5122245287383825	0.8893316639111913
R15382_HJV23BBXX	0.20340148612727904	0.796598513872721	0.06666666666666667	0.27085052702374063	0.9770898032160483
R15383_HJV23BBXX	0.37658793111926686	0.6234120688807332	0.011111111111111112	0.4495272532491435	0.8896941283700863
R15385_HCJGJBBXX	0.22093591190095319	0.7790640880990468	0.1111111111111111	0.2088364096217209	0.9981343851307289
R15389_HCJGJBBXX	0.19831552169332764	0.8016844783066723	0.011111111111111112	0.4907766323234237	0.8960213232817622
R15390_HJV3YBBXX	0.19234664992972525	0.8076533500702747	0.16666666666666666	0.1517791517935121	1.0193093183071782
R15391_HCJ72BBXX	0.35234553639717914	0.647654463602821	0.044444444444444446	0.35038559307687533	0.9402278950591467
R15392_HCJ72BBXX	0.2989997804572193	0.7010002195427807	0.044444444444444446	0.3731198959807275	0.9297468855395998
R15394_HJV3YBBXX	0.34486253363020725	0.6551374663697928	0.044444444444444446	0.34737143160471834	0.9413324915610992
R15395_HFF2HBBXX	0.22440173854935605	0.7755982614506439	0.05555555555555555	0.3304051174870449	0.9531571690251481
R15396_HJV23BBXX	0.3810756379792939	0.6189243620207061	0.044444444444444446	0.4117475312082457	0.910146964012688
R15397_HCJ72BBXX	0.3311474479467675	0.6688525520532326	0.011111111111111112	0.45133768680943764	0.8910115536436891
R15398_HCJ72BBXX	0.2847936108543603	0.7152063891456397	0.011111111111111112	0.4650650392453768	0.8902087107863695
R15399_HCJGJBBXX	0.14436515447123655	0.8556348455287635	0.011111111111111112	0.46683728879259173	0.9156335967109419
R15401_HJV23BBXX	0.11848921996897165	0.8815107800310283	0.011111111111111112	0.4865371416860379	0.9131816431128735
R15402_HCJGJBBXX	0.3154825833314172	0.6845174166685829	0.044444444444444446	0.3499873169356805	0.9396069626396958
R15406_HCJGJBBXX	0.179427973406472	0.8205720265935281	0.08888888888888889	0.2366840166052802	0.991411454091015
R15407_HJV3YBBXX	0.11190387350417264	0.8880961264958274	0.17777777777777778	0.11672872544847582	1.0398827296422846
R15408_HCJGJBBXX	0.10593234389755046	0.8940676561024495	0.25555555555555554	0.06749771252196853	1.0565555557769504
R15409_HJV3YBBXX	0.11952147843837986	0.8804785215616201	0.17777777777777778	0.13176793356694474	1.0337826548883782
R15410_HJV3YBBXX	0.30227944967174963	0.6977205503282504	0.07777777777777778	0.26899718244725984	0.9748864637083912
R15412_HCJ72BBXX	0.28114302316439443	0.7188569768356056	0.044444444444444446	0.4026067150451007	0.9182210730318674
R15413_HFF2HBBXX	0.1436862941950397	0.8563137058049604	0.35555555555555557	0.039909132974407305	1.0595211914093974
R15414_HJV23BBXX	0.3429052955629517	0.6570947044370483	0.044444444444444446	0.4217792649325452	0.9049411572265036
R15416_HJV23BBXX	0	1.0	0.08888888888888889	0.2299540658535395	1.0295124080059541
R15417_HJV23BBXX	0.11212408656011634	0.8878759134398837	0.1111111111111111	0.19019088315723712	1.016139104903965
R15418_HCJ72BBXX	0.1254352309545369	0.8745647690454631	0.044444444444444446	0.3479419343203812	0.9609867411897484
R15419_HFF2HBBXX	0.24330847059351512	0.7566915294064849	0.011111111111111112	0.48054393341130064	0.8908886911323449
R15421_HCJGJBBXX	0.353648812736847	0.646351187263153	0.011111111111111112	0.4789432726515887	0.8750448608361237
R15422_HJV23BBXX	0.3882720628516758	0.6117279371483242	0.044444444444444446	0.3744071190162201	0.9305688989956582
R15423_HFF2HBBXX	0.42269589672985913	0.5773041032701408	0.011111111111111112	0.4402988782335931	0.8966177209631415
R15425_HCJ72BBXX	0.33800994251886124	0.6619900574811388	0.044444444444444446	0.33843308613371476	0.9453054758501633
R15428_HCJGJBBXX	0.3366815277843439	0.6633184722156561	0.05555555555555555	0.3197494018930055	0.9540027128381903
R15429_HCJGJBBXX	0.1648096596345002	0.8351903403654998	0.17777777777777778	0.1127545995030687	1.0341825251743217
R15430_HJV23BBXX	0.3366507940131593	0.6633492059868406	0.011111111111111112	0.4900543782874835	0.8710176679356584
R15431_HFF2HBBXX	0.2054222981807488	0.7945777018192512	0.24444444444444444	0.08504181614398428	1.0414348106605338
R15432_HFF2HBBXX	0.19383770145846332	0.8061622985415366	0.12222222222222222	0.1607824659949265	1.0161720588039036
R15433_HFF2HBBXX	0.2889074374686808	0.7110925625313192	0.05555555555555555	0.32694868007679023	0.9501567988104993
R15434_HJV3YBBXX	0.26815796018194604	0.731842039818054	0.03333333333333333	0.42782124946669203	0.9089343033467586
R15464_HCJGJBBXX	0.32022903770732636	0.6797709622926736	0.044444444444444446	0.37094631451278365	0.929953295442582
R15466_HJV23BBXX	0.2365005480479364	0.7634994519520636	0.044444444444444446	0.34091892366022214	0.9479032733060151
R15467_HJV23BBXX	0.26413838262517597	0.735861617374824	0.022222222222222223	0.4332598252078588	0.9071856121566564
R15469_HJV3YBBXX	0.330121819133458	0.6698781808665422	0.05555555555555555	0.3307773120571498	0.9485903957034164
R15470_HCJGJBBXX	0.3098776560480741	0.6901223439519258	0.011111111111111112	0.5040397867913289	0.8679573963172761
R15471_HJV23BBXX	0.15852957871826112	0.8414704212817389	0.08888888888888889	0.2561656331102451	0.9872491269892256
R15473_HCJGJBBXX	0.08805841434945187	0.9119415856505482	0.044444444444444446	0.3856482163314263	0.954411547199749
R15474_HCJGJBBXX	0.0981935063775784	0.9018064936224216	0.25555555555555554	0.0658915900418944	1.0585659103899656
R15475_HJV3YBBXX	0.21354203797570373	0.7864579620242963	0.05555555555555555	0.31135401150821357	0.9613921793840325
R15476_HCJGJBBXX	0.33386784286431315	0.6661321571356869	0.044444444444444446	0.3527717101550417	0.9384247627908658
R15477_HJV3YBBXX	0.10394216923268698	0.896057830767313	0.3888888888888889	0.03119338369626975	1.0682896597514298
R15478_HCJGJBBXX	0.13565886412065145	0.8643411358793486	0.16666666666666666	0.1413894665285655	1.0282449442132204
R15479_HJV3YBBXX	0	1.0	0.044444444444444446	0.4045260268757312	0.9641984685284757
R15480_HJV3YBBXX	0.3091063575349815	0.6908936424650185	0.044444444444444446	0.39718512773761	0.9183428594987363
R15481_HJV23BBXX	0.08866650876227829	0.9113334912377217	0.25555555555555554	0.07051247508526713	1.0591132889776094
R15482_HCJGJBBXX	0.23288849601163164	0.7671115039883684	0.011111111111111112	0.46802358416599393	0.8980567258876514
R15531_HJV23BBXX	0.27149024966230356	0.7285097503376964	0.044444444444444446	0.33882324996995317	0.9459333589344151
R15532_HJV23BBXX	0.29859122740808325	0.7014087725919168	0.044444444444444446	0.3648903971453167	0.9334015864243865
R15533_HJV3YBBXX	0.2464146827985199	0.7535853172014801	0.044444444444444446	0.3869065274747722	0.9286765404238199
